10001 1 5
Echo1 0 5 5 10
Delta1 15 20 5 10
Charlie 30 35 5 10
Bravo1 45 50 5 10
Alpha1 60 65 5 0
**************************************************
10002 1 5
Alpha1 0 5 5 10
Bravo1 15 20 5 10
Charlie 30 35 5 10
Delta1 45 50 5 10
Echo1 60 65 5 0
**************************************************
10003 1 5
Echo1 0 5 5 10
Delta1 15 20 5 10
Charlie 30 35 5 10
Bravo1 45 50 5 10
Alpha1 60 65 5 0
**************************************************
10004 1 5
Alpha1 0 5 5 10
Bravo1 15 20 5 10
Charlie 30 35 5 10
Delta1 45 50 5 10
Echo1 60 65 5 0
**************************************************
10005 1 5
Echo1 0 5 5 10
Delta1 15 20 5 10
Charlie 30 35 5 10
Bravo1 45 50 5 10
Alpha1 60 65 5 0
**************************************************
10006 1 5
Alpha1 0 5 5 10
Bravo1 15 20 5 10
Charlie 30 35 5 10
Delta1 45 50 5 10
Echo1 60 65 5 0
**************************************************
10007 1 5
Echo1 0 5 5 10
Delta1 15 20 5 10
Charlie 30 35 5 10
Bravo1 45 50 5 10
Alpha1 60 65 5 0
**************************************************
10008 1 5
Alpha1 0 5 5 10
Bravo1 15 20 5 10
Charlie 30 35 5 10
Delta1 45 50 5 10
Echo1 60 65 5 0
**************************************************
10009 1 5
Echo2 0 5 5 10
Delta2 15 20 5 10
Charlie 30 35 5 10
Bravo2 45 50 5 10
Alpha2 60 65 5 0
**************************************************
10010 1 5
Alpha2 0 5 5 10
Bravo2 15 20 5 10
Charlie 30 35 5 10
Delta2 45 50 5 10
Echo2 60 65 5 0
**************************************************
10011 1 5
Echo2 0 5 5 10
Delta2 15 20 5 10
Charlie 30 35 5 10
Bravo2 45 50 5 10
Alpha2 60 65 5 0
**************************************************
100012 1 5
Alpha2 0 5 5 10
Bravo2 15 20 5 10
Charlie 30 35 5 10
Delta2 45 50 5 10
Echo2 60 65 5 0
**************************************************
10013 1 5
Echo2 0 5 5 10
Delta2 15 20 5 10
Charlie 30 35 5 10
Bravo2 45 50 5 10
Alpha2 60 65 5 0
**************************************************
10014 1 5
Alpha2 0 5 5 10
Bravo2 15 20 5 10
Charlie 30 35 5 10
Delta2 45 50 5 10
Echo2 60 65 5 0
**************************************************
10015 1 5
Echo2 0 5 5 10
Delta2 15 20 5 10
Charlie 30 35 5 10
Bravo2 45 50 5 10
Alpha2 60 65 5 0
**************************************************
10016 1 5
Alpha2 0 5 5 10
Bravo2 15 20 5 10
Charlie 30 35 5 10
Delta2 45 50 5 10
Echo2 60 65 5 0
**************************************************
