10001 1 5
Echo 0 5 5 10
Delta 15 20 5 10
Charlie 30 35 5 10
Bravo 45 50 5 10
Alpha 60 65 5 0
**************************************************
10002 1 5
Alpha 0 5 5 10
Bravo 15 20 5 10
Charlie 30 35 5 10
Delta 45 50 5 10
Echo 60 65 5 0
**************************************************
10003 1 5
Echo 0 5 5 10
Delta 15 20 5 10
Charlie 30 35 5 10
Bravo 45 50 5 10
Alpha 60 65 5 0
**************************************************
10004 1 5
Alpha 0 5 5 10
Bravo 15 20 5 10
Charlie 30 35 5 10
Delta 45 50 5 10
Echo 60 65 5 0
**************************************************
10005 1 5
Echo 0 5 5 10
Delta 15 20 5 10
Charlie 30 35 5 10
Bravo 45 50 5 10
Alpha 60 65 5 0
**************************************************
10006 1 5
Alpha 0 5 5 10
Bravo 15 20 5 10
Charlie 30 35 5 10
Delta 45 50 5 10
Echo 60 65 5 0
**************************************************
10007 1 5
Echo 0 5 5 10
Delta 15 20 5 10
Charlie 30 35 5 10
Bravo 45 50 5 10
Alpha 60 65 5 0
**************************************************
10008 1 5
Alpha 0 5 5 10
Bravo 15 20 5 10
Charlie 30 35 5 10
Delta 45 50 5 10
Echo 60 65 5 0
**************************************************
