20061 2 11
Kilo 159 164 5 15
Juliet 182 187 5 15
India 205 210 5 15
Hotel 228 233 5 15
Golf 251 256 5 15
Foxtrot 274 279 5 15
Echo 297 302 5 15
Delta 320 325 5 15
Charlie 343 348 5 15
Bravo 366 371 5 15
Alpha 389 394 5 0
**************************************************
20068 2 11
Alpha 2469 2474 5 15
Bravo 2492 2497 5 15
Charlie 2515 2520 5 15
Delta 2538 2543 5 15
Echo 2561 2566 5 15
Foxtrot 2584 2589 5 15
Golf 2607 2612 5 15
Hotel 2630 2635 5 15
India 2653 2658 5 15
Juliet 2676 2681 5 15
Kilo 2699 2704 5 0
**************************************************
20013 2 11
Kilo 1809 1814 5 15
Juliet 1832 1837 5 15
India 1855 1860 5 15
Hotel 1878 1883 5 15
Golf 1901 1906 5 15
Foxtrot 1924 1929 5 15
Echo 1947 1952 5 15
Delta 1970 1975 5 15
Charlie 1993 1998 5 15
Bravo 2016 2021 5 15
Alpha 2039 2044 5 0
**************************************************
20049 2 11
Kilo 0 5 5 15
Juliet 23 28 5 15
India 46 51 5 15
Hotel 69 74 5 15
Golf 92 97 5 15
Foxtrot 115 120 5 15
Echo 138 143 5 15
Delta 161 166 5 15
Charlie 184 189 5 15
Bravo 207 212 5 15
Alpha 230 235 5 0
**************************************************
20002 2 11
Alpha 1039 1044 5 15
Bravo 1062 1067 5 15
Charlie 1085 1090 5 15
Delta 1108 1113 5 15
Echo 1131 1136 5 15
Foxtrot 1154 1159 5 15
Golf 1177 1182 5 15
Hotel 1200 1205 5 15
India 1223 1228 5 15
Juliet 1246 1251 5 15
Kilo 1269 1274 5 0
**************************************************
20027 2 11
Kilo 1619 1624 5 15
Juliet 1642 1647 5 15
India 1665 1670 5 15
Hotel 1688 1693 5 15
Golf 1711 1716 5 15
Foxtrot 1734 1739 5 15
Echo 1757 1762 5 15
Delta 1780 1785 5 15
Charlie 1803 1808 5 15
Bravo 1826 1831 5 15
Alpha 1849 1854 5 0
**************************************************
20020 2 11
Alpha 1516 1521 5 15
Bravo 1539 1544 5 15
Charlie 1562 1567 5 15
Delta 1585 1590 5 15
Echo 1608 1613 5 15
Foxtrot 1631 1636 5 15
Golf 1654 1659 5 15
Hotel 1677 1682 5 15
India 1700 1705 5 15
Juliet 1723 1728 5 15
Kilo 1746 1751 5 0
**************************************************
20070 2 11
Alpha 948 953 5 15
Bravo 971 976 5 15
Charlie 994 999 5 15
Delta 1017 1022 5 15
Echo 1040 1045 5 15
Foxtrot 1063 1068 5 15
Golf 1086 1091 5 15
Hotel 1109 1114 5 15
India 1132 1137 5 15
Juliet 1155 1160 5 15
Kilo 1178 1183 5 0
**************************************************
20045 2 11
Kilo 457 462 5 15
Juliet 480 485 5 15
India 503 508 5 15
Hotel 526 531 5 15
Golf 549 554 5 15
Foxtrot 572 577 5 15
Echo 595 600 5 15
Delta 618 623 5 15
Charlie 641 646 5 15
Bravo 664 669 5 15
Alpha 687 692 5 0
**************************************************
20019 2 11
Kilo 2144 2149 5 15
Juliet 2167 2172 5 15
India 2190 2195 5 15
Hotel 2213 2218 5 15
Golf 2236 2241 5 15
Foxtrot 2259 2264 5 15
Echo 2282 2287 5 15
Delta 2305 2310 5 15
Charlie 2328 2333 5 15
Bravo 2351 2356 5 15
Alpha 2374 2379 5 0
**************************************************
20017 2 11
Kilo 1131 1136 5 15
Juliet 1154 1159 5 15
India 1177 1182 5 15
Hotel 1200 1205 5 15
Golf 1223 1228 5 15
Foxtrot 1246 1251 5 15
Echo 1269 1274 5 15
Delta 1292 1297 5 15
Charlie 1315 1320 5 15
Bravo 1338 1343 5 15
Alpha 1361 1366 5 0
**************************************************
20033 2 11
Kilo 265 270 5 15
Juliet 288 293 5 15
India 311 316 5 15
Hotel 334 339 5 15
Golf 357 362 5 15
Foxtrot 380 385 5 15
Echo 403 408 5 15
Delta 426 431 5 15
Charlie 449 454 5 15
Bravo 472 477 5 15
Alpha 495 500 5 0
**************************************************
20016 2 11
Alpha 1180 1185 5 15
Bravo 1203 1208 5 15
Charlie 1226 1231 5 15
Delta 1249 1254 5 15
Echo 1272 1277 5 15
Foxtrot 1295 1300 5 15
Golf 1318 1323 5 15
Hotel 1341 1346 5 15
India 1364 1369 5 15
Juliet 1387 1392 5 15
Kilo 1410 1415 5 0
**************************************************
20037 2 11
Kilo 598 603 5 15
Juliet 621 626 5 15
India 644 649 5 15
Hotel 667 672 5 15
Golf 690 695 5 15
Foxtrot 713 718 5 15
Echo 736 741 5 15
Delta 759 764 5 15
Charlie 782 787 5 15
Bravo 805 810 5 15
Alpha 828 833 5 0
**************************************************
20050 2 11
Alpha 1890 1895 5 15
Bravo 1913 1918 5 15
Charlie 1936 1941 5 15
Delta 1959 1964 5 15
Echo 1982 1987 5 15
Foxtrot 2005 2010 5 15
Golf 2028 2033 5 15
Hotel 2051 2056 5 15
India 2074 2079 5 15
Juliet 2097 2102 5 15
Kilo 2120 2125 5 0
**************************************************
20057 2 11
Kilo 1843 1848 5 15
Juliet 1866 1871 5 15
India 1889 1894 5 15
Hotel 1912 1917 5 15
Golf 1935 1940 5 15
Foxtrot 1958 1963 5 15
Echo 1981 1986 5 15
Delta 2004 2009 5 15
Charlie 2027 2032 5 15
Bravo 2050 2055 5 15
Alpha 2073 2078 5 0
**************************************************
20014 2 11
Alpha 913 918 5 15
Bravo 936 941 5 15
Charlie 959 964 5 15
Delta 982 987 5 15
Echo 1005 1010 5 15
Foxtrot 1028 1033 5 15
Golf 1051 1056 5 15
Hotel 1074 1079 5 15
India 1097 1102 5 15
Juliet 1120 1125 5 15
Kilo 1143 1148 5 0
**************************************************
20054 2 11
Alpha 1114 1119 5 15
Bravo 1137 1142 5 15
Charlie 1160 1165 5 15
Delta 1183 1188 5 15
Echo 1206 1211 5 15
Foxtrot 1229 1234 5 15
Golf 1252 1257 5 15
Hotel 1275 1280 5 15
India 1298 1303 5 15
Juliet 1321 1326 5 15
Kilo 1344 1349 5 0
**************************************************
20024 2 11
Alpha 2601 2606 5 15
Bravo 2624 2629 5 15
Charlie 2647 2652 5 15
Delta 2670 2675 5 15
Echo 2693 2698 5 15
Foxtrot 2716 2721 5 15
Golf 2739 2744 5 15
Hotel 2762 2767 5 15
India 2785 2790 5 15
Juliet 2808 2813 5 15
Kilo 2831 2836 5 0
**************************************************
20030 2 11
Alpha 1096 1101 5 15
Bravo 1119 1124 5 15
Charlie 1142 1147 5 15
Delta 1165 1170 5 15
Echo 1188 1193 5 15
Foxtrot 1211 1216 5 15
Golf 1234 1239 5 15
Hotel 1257 1262 5 15
India 1280 1285 5 15
Juliet 1303 1308 5 15
Kilo 1326 1331 5 0
**************************************************
10023 1 11
Kilo 2669 2674 5 10
Juliet 2686 2691 5 10
India 2703 2708 5 10
Hotel 2720 2725 5 10
Golf 2737 2742 5 10
Foxtrot 2754 2759 5 10
Echo 2771 2776 5 10
Delta 2788 2793 5 10
Charlie 2805 2810 5 10
Bravo 2822 2827 5 10
Alpha 2839 2844 5 0
**************************************************
10027 1 11
Kilo 164 169 5 10
Juliet 181 186 5 10
India 198 203 5 10
Hotel 215 220 5 10
Golf 232 237 5 10
Foxtrot 249 254 5 10
Echo 266 271 5 10
Delta 283 288 5 10
Charlie 300 305 5 10
Bravo 317 322 5 10
Alpha 334 339 5 0
**************************************************
20075 2 11
Kilo 2703 2708 5 15
Juliet 2726 2731 5 15
India 2749 2754 5 15
Hotel 2772 2777 5 15
Golf 2795 2800 5 15
Foxtrot 2818 2823 5 15
Echo 2841 2846 5 15
Delta 2864 2869 5 15
Charlie 2887 2892 5 15
Bravo 2910 2915 5 15
Alpha 2933 2938 5 0
**************************************************
20025 2 11
Kilo 2427 2432 5 15
Juliet 2450 2455 5 15
India 2473 2478 5 15
Hotel 2496 2501 5 15
Golf 2519 2524 5 15
Foxtrot 2542 2547 5 15
Echo 2565 2570 5 15
Delta 2588 2593 5 15
Charlie 2611 2616 5 15
Bravo 2634 2639 5 15
Alpha 2657 2662 5 0
**************************************************
20072 2 11
Alpha 527 532 5 15
Bravo 550 555 5 15
Charlie 573 578 5 15
Delta 596 601 5 15
Echo 619 624 5 15
Foxtrot 642 647 5 15
Golf 665 670 5 15
Hotel 688 693 5 15
India 711 716 5 15
Juliet 734 739 5 15
Kilo 757 762 5 0
**************************************************
20067 2 11
Kilo 1705 1710 5 15
Juliet 1728 1733 5 15
India 1751 1756 5 15
Hotel 1774 1779 5 15
Golf 1797 1802 5 15
Foxtrot 1820 1825 5 15
Echo 1843 1848 5 15
Delta 1866 1871 5 15
Charlie 1889 1894 5 15
Bravo 1912 1917 5 15
Alpha 1935 1940 5 0
**************************************************
10031 1 11
Kilo 1233 1238 5 10
Juliet 1250 1255 5 10
India 1267 1272 5 10
Hotel 1284 1289 5 10
Golf 1301 1306 5 10
Foxtrot 1318 1323 5 10
Echo 1335 1340 5 10
Delta 1352 1357 5 10
Charlie 1369 1374 5 10
Bravo 1386 1391 5 10
Alpha 1403 1408 5 0
**************************************************
10025 1 11
Kilo 2679 2684 5 10
Juliet 2696 2701 5 10
India 2713 2718 5 10
Hotel 2730 2735 5 10
Golf 2747 2752 5 10
Foxtrot 2764 2769 5 10
Echo 2781 2786 5 10
Delta 2798 2803 5 10
Charlie 2815 2820 5 10
Bravo 2832 2837 5 10
Alpha 2849 2854 5 0
**************************************************
10009 1 11
Kilo 373 378 5 10
Juliet 390 395 5 10
India 407 412 5 10
Hotel 424 429 5 10
Golf 441 446 5 10
Foxtrot 458 463 5 10
Echo 475 480 5 10
Delta 492 497 5 10
Charlie 509 514 5 10
Bravo 526 531 5 10
Alpha 543 548 5 0
**************************************************
10019 1 11
Kilo 1881 1886 5 10
Juliet 1898 1903 5 10
India 1915 1920 5 10
Hotel 1932 1937 5 10
Golf 1949 1954 5 10
Foxtrot 1966 1971 5 10
Echo 1983 1988 5 10
Delta 2000 2005 5 10
Charlie 2017 2022 5 10
Bravo 2034 2039 5 10
Alpha 2051 2056 5 0
**************************************************
20048 2 11
Alpha 1498 1503 5 15
Bravo 1521 1526 5 15
Charlie 1544 1549 5 15
Delta 1567 1572 5 15
Echo 1590 1595 5 15
Foxtrot 1613 1618 5 15
Golf 1636 1641 5 15
Hotel 1659 1664 5 15
India 1682 1687 5 15
Juliet 1705 1710 5 15
Kilo 1728 1733 5 0
**************************************************
20009 2 11
Kilo 794 799 5 15
Juliet 817 822 5 15
India 840 845 5 15
Hotel 863 868 5 15
Golf 886 891 5 15
Foxtrot 909 914 5 15
Echo 932 937 5 15
Delta 955 960 5 15
Charlie 978 983 5 15
Bravo 1001 1006 5 15
Alpha 1024 1029 5 0
**************************************************
20056 2 11
Alpha 349 354 5 15
Bravo 372 377 5 15
Charlie 395 400 5 15
Delta 418 423 5 15
Echo 441 446 5 15
Foxtrot 464 469 5 15
Golf 487 492 5 15
Hotel 510 515 5 15
India 533 538 5 15
Juliet 556 561 5 15
Kilo 579 584 5 0
**************************************************
20012 2 11
Alpha 416 421 5 15
Bravo 439 444 5 15
Charlie 462 467 5 15
Delta 485 490 5 15
Echo 508 513 5 15
Foxtrot 531 536 5 15
Golf 554 559 5 15
Hotel 577 582 5 15
India 600 605 5 15
Juliet 623 628 5 15
Kilo 646 651 5 0
**************************************************
20015 2 11
Kilo 2006 2011 5 15
Juliet 2029 2034 5 15
India 2052 2057 5 15
Hotel 2075 2080 5 15
Golf 2098 2103 5 15
Foxtrot 2121 2126 5 15
Echo 2144 2149 5 15
Delta 2167 2172 5 15
Charlie 2190 2195 5 15
Bravo 2213 2218 5 15
Alpha 2236 2241 5 0
**************************************************
20046 2 11
Alpha 1749 1754 5 15
Bravo 1772 1777 5 15
Charlie 1795 1800 5 15
Delta 1818 1823 5 15
Echo 1841 1846 5 15
Foxtrot 1864 1869 5 15
Golf 1887 1892 5 15
Hotel 1910 1915 5 15
India 1933 1938 5 15
Juliet 1956 1961 5 15
Kilo 1979 1984 5 0
**************************************************
20062 2 11
Alpha 2520 2525 5 15
Bravo 2543 2548 5 15
Charlie 2566 2571 5 15
Delta 2589 2594 5 15
Echo 2612 2617 5 15
Foxtrot 2635 2640 5 15
Golf 2658 2663 5 15
Hotel 2681 2686 5 15
India 2704 2709 5 15
Juliet 2727 2732 5 15
Kilo 2750 2755 5 0
**************************************************
10029 1 11
Kilo 1958 1963 5 10
Juliet 1975 1980 5 10
India 1992 1997 5 10
Hotel 2009 2014 5 10
Golf 2026 2031 5 10
Foxtrot 2043 2048 5 10
Echo 2060 2065 5 10
Delta 2077 2082 5 10
Charlie 2094 2099 5 10
Bravo 2111 2116 5 10
Alpha 2128 2133 5 0
**************************************************
20039 2 11
Kilo 545 550 5 15
Juliet 568 573 5 15
India 591 596 5 15
Hotel 614 619 5 15
Golf 637 642 5 15
Foxtrot 660 665 5 15
Echo 683 688 5 15
Delta 706 711 5 15
Charlie 729 734 5 15
Bravo 752 757 5 15
Alpha 775 780 5 0
**************************************************
20041 2 11
Kilo 332 337 5 15
Juliet 355 360 5 15
India 378 383 5 15
Hotel 401 406 5 15
Golf 424 429 5 15
Foxtrot 447 452 5 15
Echo 470 475 5 15
Delta 493 498 5 15
Charlie 516 521 5 15
Bravo 539 544 5 15
Alpha 562 567 5 0
**************************************************
20006 2 11
Alpha 295 300 5 15
Bravo 318 323 5 15
Charlie 341 346 5 15
Delta 364 369 5 15
Echo 387 392 5 15
Foxtrot 410 415 5 15
Golf 433 438 5 15
Hotel 456 461 5 15
India 479 484 5 15
Juliet 502 507 5 15
Kilo 525 530 5 0
**************************************************
20060 2 11
Alpha 2407 2412 5 15
Bravo 2430 2435 5 15
Charlie 2453 2458 5 15
Delta 2476 2481 5 15
Echo 2499 2504 5 15
Foxtrot 2522 2527 5 15
Golf 2545 2550 5 15
Hotel 2568 2573 5 15
India 2591 2596 5 15
Juliet 2614 2619 5 15
Kilo 2637 2642 5 0
**************************************************
10008 1 11
Alpha 1623 1628 5 10
Bravo 1640 1645 5 10
Charlie 1657 1662 5 10
Delta 1674 1679 5 10
Echo 1691 1696 5 10
Foxtrot 1708 1713 5 10
Golf 1725 1730 5 10
Hotel 1742 1747 5 10
India 1759 1764 5 10
Juliet 1776 1781 5 10
Kilo 1793 1798 5 0
**************************************************
10030 1 11
Alpha 1986 1991 5 10
Bravo 2003 2008 5 10
Charlie 2020 2025 5 10
Delta 2037 2042 5 10
Echo 2054 2059 5 10
Foxtrot 2071 2076 5 10
Golf 2088 2093 5 10
Hotel 2105 2110 5 10
India 2122 2127 5 10
Juliet 2139 2144 5 10
Kilo 2156 2161 5 0
**************************************************
10013 1 11
Kilo 1399 1404 5 10
Juliet 1416 1421 5 10
India 1433 1438 5 10
Hotel 1450 1455 5 10
Golf 1467 1472 5 10
Foxtrot 1484 1489 5 10
Echo 1501 1506 5 10
Delta 1518 1523 5 10
Charlie 1535 1540 5 10
Bravo 1552 1557 5 10
Alpha 1569 1574 5 0
**************************************************
20018 2 11
Alpha 1841 1846 5 15
Bravo 1864 1869 5 15
Charlie 1887 1892 5 15
Delta 1910 1915 5 15
Echo 1933 1938 5 15
Foxtrot 1956 1961 5 15
Golf 1979 1984 5 15
Hotel 2002 2007 5 15
India 2025 2030 5 15
Juliet 2048 2053 5 15
Kilo 2071 2076 5 0
**************************************************
10003 1 11
Kilo 1812 1817 5 10
Juliet 1829 1834 5 10
India 1846 1851 5 10
Hotel 1863 1868 5 10
Golf 1880 1885 5 10
Foxtrot 1897 1902 5 10
Echo 1914 1919 5 10
Delta 1931 1936 5 10
Charlie 1948 1953 5 10
Bravo 1965 1970 5 10
Alpha 1982 1987 5 0
**************************************************
10006 1 11
Alpha 1680 1685 5 10
Bravo 1697 1702 5 10
Charlie 1714 1719 5 10
Delta 1731 1736 5 10
Echo 1748 1753 5 10
Foxtrot 1765 1770 5 10
Golf 1782 1787 5 10
Hotel 1799 1804 5 10
India 1816 1821 5 10
Juliet 1833 1838 5 10
Kilo 1850 1855 5 0
**************************************************
20026 2 11
Alpha 390 395 5 15
Bravo 413 418 5 15
Charlie 436 441 5 15
Delta 459 464 5 15
Echo 482 487 5 15
Foxtrot 505 510 5 15
Golf 528 533 5 15
Hotel 551 556 5 15
India 574 579 5 15
Juliet 597 602 5 15
Kilo 620 625 5 0
**************************************************
20063 2 11
Kilo 2584 2589 5 15
Juliet 2607 2612 5 15
India 2630 2635 5 15
Hotel 2653 2658 5 15
Golf 2676 2681 5 15
Foxtrot 2699 2704 5 15
Echo 2722 2727 5 15
Delta 2745 2750 5 15
Charlie 2768 2773 5 15
Bravo 2791 2796 5 15
Alpha 2814 2819 5 0
**************************************************
10012 1 11
Alpha 1150 1155 5 10
Bravo 1167 1172 5 10
Charlie 1184 1189 5 10
Delta 1201 1206 5 10
Echo 1218 1223 5 10
Foxtrot 1235 1240 5 10
Golf 1252 1257 5 10
Hotel 1269 1274 5 10
India 1286 1291 5 10
Juliet 1303 1308 5 10
Kilo 1320 1325 5 0
**************************************************
10016 1 11
Alpha 53 58 5 10
Bravo 70 75 5 10
Charlie 87 92 5 10
Delta 104 109 5 10
Echo 121 126 5 10
Foxtrot 138 143 5 10
Golf 155 160 5 10
Hotel 172 177 5 10
India 189 194 5 10
Juliet 206 211 5 10
Kilo 223 228 5 0
**************************************************
20066 2 11
Alpha 80 85 5 15
Bravo 103 108 5 15
Charlie 126 131 5 15
Delta 149 154 5 15
Echo 172 177 5 15
Foxtrot 195 200 5 15
Golf 218 223 5 15
Hotel 241 246 5 15
India 264 269 5 15
Juliet 287 292 5 15
Kilo 310 315 5 0
**************************************************
20021 2 11
Kilo 2097 2102 5 15
Juliet 2120 2125 5 15
India 2143 2148 5 15
Hotel 2166 2171 5 15
Golf 2189 2194 5 15
Foxtrot 2212 2217 5 15
Echo 2235 2240 5 15
Delta 2258 2263 5 15
Charlie 2281 2286 5 15
Bravo 2304 2309 5 15
Alpha 2327 2332 5 0
**************************************************
20022 2 11
Alpha 817 822 5 15
Bravo 840 845 5 15
Charlie 863 868 5 15
Delta 886 891 5 15
Echo 909 914 5 15
Foxtrot 932 937 5 15
Golf 955 960 5 15
Hotel 978 983 5 15
India 1001 1006 5 15
Juliet 1024 1029 5 15
Kilo 1047 1052 5 0
**************************************************
20047 2 11
Kilo 1604 1609 5 15
Juliet 1627 1632 5 15
India 1650 1655 5 15
Hotel 1673 1678 5 15
Golf 1696 1701 5 15
Foxtrot 1719 1724 5 15
Echo 1742 1747 5 15
Delta 1765 1770 5 15
Charlie 1788 1793 5 15
Bravo 1811 1816 5 15
Alpha 1834 1839 5 0
**************************************************
20007 2 11
Kilo 1516 1521 5 15
Juliet 1539 1544 5 15
India 1562 1567 5 15
Hotel 1585 1590 5 15
Golf 1608 1613 5 15
Foxtrot 1631 1636 5 15
Echo 1654 1659 5 15
Delta 1677 1682 5 15
Charlie 1700 1705 5 15
Bravo 1723 1728 5 15
Alpha 1746 1751 5 0
**************************************************
20034 2 11
Alpha 1825 1830 5 15
Bravo 1848 1853 5 15
Charlie 1871 1876 5 15
Delta 1894 1899 5 15
Echo 1917 1922 5 15
Foxtrot 1940 1945 5 15
Golf 1963 1968 5 15
Hotel 1986 1991 5 15
India 2009 2014 5 15
Juliet 2032 2037 5 15
Kilo 2055 2060 5 0
**************************************************
20053 2 11
Kilo 2223 2228 5 15
Juliet 2246 2251 5 15
India 2269 2274 5 15
Hotel 2292 2297 5 15
Golf 2315 2320 5 15
Foxtrot 2338 2343 5 15
Echo 2361 2366 5 15
Delta 2384 2389 5 15
Charlie 2407 2412 5 15
Bravo 2430 2435 5 15
Alpha 2453 2458 5 0
**************************************************
10020 1 11
Alpha 167 172 5 10
Bravo 184 189 5 10
Charlie 201 206 5 10
Delta 218 223 5 10
Echo 235 240 5 10
Foxtrot 252 257 5 10
Golf 269 274 5 10
Hotel 286 291 5 10
India 303 308 5 10
Juliet 320 325 5 10
Kilo 337 342 5 0
**************************************************
