10001 1 11
Kilo 516 521 5 10
Juliet 533 538 5 10
India 550 555 5 10
Hotel 567 572 5 10
Golf 584 589 5 10
Foxtrot 601 606 5 10
Echo 618 623 5 10
Delta 635 640 5 10
Charlie 652 657 5 10
Bravo 669 674 5 10
Alpha 686 691 5 0
**************************************************
10002 1 11
Alpha 1916 1921 5 10
Bravo 1933 1938 5 10
Charlie 1950 1955 5 10
Delta 1967 1972 5 10
Echo 1984 1989 5 10
Foxtrot 2001 2006 5 10
Golf 2018 2023 5 10
Hotel 2035 2040 5 10
India 2052 2057 5 10
Juliet 2069 2074 5 10
Kilo 2086 2091 5 0
**************************************************
10003 1 11
Kilo 1882 1887 5 10
Juliet 1899 1904 5 10
India 1916 1921 5 10
Hotel 1933 1938 5 10
Golf 1950 1955 5 10
Foxtrot 1967 1972 5 10
Echo 1984 1989 5 10
Delta 2001 2006 5 10
Charlie 2018 2023 5 10
Bravo 2035 2040 5 10
Alpha 2052 2057 5 0
**************************************************
10004 1 11
Alpha 2446 2451 5 10
Bravo 2463 2468 5 10
Charlie 2480 2485 5 10
Delta 2497 2502 5 10
Echo 2514 2519 5 10
Foxtrot 2531 2536 5 10
Golf 2548 2553 5 10
Hotel 2565 2570 5 10
India 2582 2587 5 10
Juliet 2599 2604 5 10
Kilo 2616 2621 5 0
**************************************************
10005 1 11
Kilo 2509 2514 5 10
Juliet 2526 2531 5 10
India 2543 2548 5 10
Hotel 2560 2565 5 10
Golf 2577 2582 5 10
Foxtrot 2594 2599 5 10
Echo 2611 2616 5 10
Delta 2628 2633 5 10
Charlie 2645 2650 5 10
Bravo 2662 2667 5 10
Alpha 2679 2684 5 0
**************************************************
10006 1 11
Alpha 1750 1755 5 10
Bravo 1767 1772 5 10
Charlie 1784 1789 5 10
Delta 1801 1806 5 10
Echo 1818 1823 5 10
Foxtrot 1835 1840 5 10
Golf 1852 1857 5 10
Hotel 1869 1874 5 10
India 1886 1891 5 10
Juliet 1903 1908 5 10
Kilo 1920 1925 5 0
**************************************************
10007 1 11
Kilo 2570 2575 5 10
Juliet 2587 2592 5 10
India 2604 2609 5 10
Hotel 2621 2626 5 10
Golf 2638 2643 5 10
Foxtrot 2655 2660 5 10
Echo 2672 2677 5 10
Delta 2689 2694 5 10
Charlie 2706 2711 5 10
Bravo 2723 2728 5 10
Alpha 2740 2745 5 0
**************************************************
10008 1 11
Alpha 1693 1698 5 10
Bravo 1710 1715 5 10
Charlie 1727 1732 5 10
Delta 1744 1749 5 10
Echo 1761 1766 5 10
Foxtrot 1778 1783 5 10
Golf 1795 1800 5 10
Hotel 1812 1817 5 10
India 1829 1834 5 10
Juliet 1846 1851 5 10
Kilo 1863 1868 5 0
**************************************************
10009 1 11
Kilo 443 448 5 10
Juliet 460 465 5 10
India 477 482 5 10
Hotel 494 499 5 10
Golf 511 516 5 10
Foxtrot 528 533 5 10
Echo 545 550 5 10
Delta 562 567 5 10
Charlie 579 584 5 10
Bravo 596 601 5 10
Alpha 613 618 5 0
**************************************************
10010 1 11
Alpha 1994 1999 5 10
Bravo 2011 2016 5 10
Charlie 2028 2033 5 10
Delta 2045 2050 5 10
Echo 2062 2067 5 10
Foxtrot 2079 2084 5 10
Golf 2096 2101 5 10
Hotel 2113 2118 5 10
India 2130 2135 5 10
Juliet 2147 2152 5 10
Kilo 2164 2169 5 0
**************************************************
10011 1 11
Kilo 713 718 5 10
Juliet 730 735 5 10
India 747 752 5 10
Hotel 764 769 5 10
Golf 781 786 5 10
Foxtrot 798 803 5 10
Echo 815 820 5 10
Delta 832 837 5 10
Charlie 849 854 5 10
Bravo 866 871 5 10
Alpha 883 888 5 0
**************************************************
10012 1 11
Alpha 1220 1225 5 10
Bravo 1237 1242 5 10
Charlie 1254 1259 5 10
Delta 1271 1276 5 10
Echo 1288 1293 5 10
Foxtrot 1305 1310 5 10
Golf 1322 1327 5 10
Hotel 1339 1344 5 10
India 1356 1361 5 10
Juliet 1373 1378 5 10
Kilo 1390 1395 5 0
**************************************************
10013 1 11
Kilo 1469 1474 5 10
Juliet 1486 1491 5 10
India 1503 1508 5 10
Hotel 1520 1525 5 10
Golf 1537 1542 5 10
Foxtrot 1554 1559 5 10
Echo 1571 1576 5 10
Delta 1588 1593 5 10
Charlie 1605 1610 5 10
Bravo 1622 1627 5 10
Alpha 1639 1644 5 0
**************************************************
10014 1 11
Alpha 1786 1791 5 10
Bravo 1803 1808 5 10
Charlie 1820 1825 5 10
Delta 1837 1842 5 10
Echo 1854 1859 5 10
Foxtrot 1871 1876 5 10
Golf 1888 1893 5 10
Hotel 1905 1910 5 10
India 1922 1927 5 10
Juliet 1939 1944 5 10
Kilo 1956 1961 5 0
**************************************************
10015 1 11
Kilo 1671 1676 5 10
Juliet 1688 1693 5 10
India 1705 1710 5 10
Hotel 1722 1727 5 10
Golf 1739 1744 5 10
Foxtrot 1756 1761 5 10
Echo 1773 1778 5 10
Delta 1790 1795 5 10
Charlie 1807 1812 5 10
Bravo 1824 1829 5 10
Alpha 1841 1846 5 0
**************************************************
10016 1 11
Alpha 123 128 5 10
Bravo 140 145 5 10
Charlie 157 162 5 10
Delta 174 179 5 10
Echo 191 196 5 10
Foxtrot 208 213 5 10
Golf 225 230 5 10
Hotel 242 247 5 10
India 259 264 5 10
Juliet 276 281 5 10
Kilo 293 298 5 0
**************************************************
10017 1 11
Kilo 153 158 5 10
Juliet 170 175 5 10
India 187 192 5 10
Hotel 204 209 5 10
Golf 221 226 5 10
Foxtrot 238 243 5 10
Echo 255 260 5 10
Delta 272 277 5 10
Charlie 289 294 5 10
Bravo 306 311 5 10
Alpha 323 328 5 0
**************************************************
10018 1 11
Alpha 58 63 5 10
Bravo 75 80 5 10
Charlie 92 97 5 10
Delta 109 114 5 10
Echo 126 131 5 10
Foxtrot 143 148 5 10
Golf 160 165 5 10
Hotel 177 182 5 10
India 194 199 5 10
Juliet 211 216 5 10
Kilo 228 233 5 0
**************************************************
10019 1 11
Kilo 1951 1956 5 10
Juliet 1968 1973 5 10
India 1985 1990 5 10
Hotel 2002 2007 5 10
Golf 2019 2024 5 10
Foxtrot 2036 2041 5 10
Echo 2053 2058 5 10
Delta 2070 2075 5 10
Charlie 2087 2092 5 10
Bravo 2104 2109 5 10
Alpha 2121 2126 5 0
**************************************************
10020 1 11
Alpha 237 242 5 10
Bravo 254 259 5 10
Charlie 271 276 5 10
Delta 288 293 5 10
Echo 305 310 5 10
Foxtrot 322 327 5 10
Golf 339 344 5 10
Hotel 356 361 5 10
India 373 378 5 10
Juliet 390 395 5 10
Kilo 407 412 5 0
**************************************************
10021 1 11
Kilo 1730 1735 5 10
Juliet 1747 1752 5 10
India 1764 1769 5 10
Hotel 1781 1786 5 10
Golf 1798 1803 5 10
Foxtrot 1815 1820 5 10
Echo 1832 1837 5 10
Delta 1849 1854 5 10
Charlie 1866 1871 5 10
Bravo 1883 1888 5 10
Alpha 1900 1905 5 0
**************************************************
10022 1 11
Alpha 854 859 5 10
Bravo 871 876 5 10
Charlie 888 893 5 10
Delta 905 910 5 10
Echo 922 927 5 10
Foxtrot 939 944 5 10
Golf 956 961 5 10
Hotel 973 978 5 10
India 990 995 5 10
Juliet 1007 1012 5 10
Kilo 1024 1029 5 0
**************************************************
10023 1 11
Kilo 2739 2744 5 10
Juliet 2756 2761 5 10
India 2773 2778 5 10
Hotel 2790 2795 5 10
Golf 2807 2812 5 10
Foxtrot 2824 2829 5 10
Echo 2841 2846 5 10
Delta 2858 2863 5 10
Charlie 2875 2880 5 10
Bravo 2892 2897 5 10
Alpha 2909 2914 5 0
**************************************************
10024 1 11
Alpha 958 963 5 10
Bravo 975 980 5 10
Charlie 992 997 5 10
Delta 1009 1014 5 10
Echo 1026 1031 5 10
Foxtrot 1043 1048 5 10
Golf 1060 1065 5 10
Hotel 1077 1082 5 10
India 1094 1099 5 10
Juliet 1111 1116 5 10
Kilo 1128 1133 5 0
**************************************************
10025 1 11
Kilo 2749 2754 5 10
Juliet 2766 2771 5 10
India 2783 2788 5 10
Hotel 2800 2805 5 10
Golf 2817 2822 5 10
Foxtrot 2834 2839 5 10
Echo 2851 2856 5 10
Delta 2868 2873 5 10
Charlie 2885 2890 5 10
Bravo 2902 2907 5 10
Alpha 2919 2924 5 0
**************************************************
10026 1 11
Alpha 2721 2726 5 10
Bravo 2738 2743 5 10
Charlie 2755 2760 5 10
Delta 2772 2777 5 10
Echo 2789 2794 5 10
Foxtrot 2806 2811 5 10
Golf 2823 2828 5 10
Hotel 2840 2845 5 10
India 2857 2862 5 10
Juliet 2874 2879 5 10
Kilo 2891 2896 5 0
**************************************************
10027 1 11
Kilo 234 239 5 10
Juliet 251 256 5 10
India 268 273 5 10
Hotel 285 290 5 10
Golf 302 307 5 10
Foxtrot 319 324 5 10
Echo 336 341 5 10
Delta 353 358 5 10
Charlie 370 375 5 10
Bravo 387 392 5 10
Alpha 404 409 5 0
**************************************************
10028 1 11
Alpha 2159 2164 5 10
Bravo 2176 2181 5 10
Charlie 2193 2198 5 10
Delta 2210 2215 5 10
Echo 2227 2232 5 10
Foxtrot 2244 2249 5 10
Golf 2261 2266 5 10
Hotel 2278 2283 5 10
India 2295 2300 5 10
Juliet 2312 2317 5 10
Kilo 2329 2334 5 0
**************************************************
10029 1 11
Kilo 2028 2033 5 10
Juliet 2045 2050 5 10
India 2062 2067 5 10
Hotel 2079 2084 5 10
Golf 2096 2101 5 10
Foxtrot 2113 2118 5 10
Echo 2130 2135 5 10
Delta 2147 2152 5 10
Charlie 2164 2169 5 10
Bravo 2181 2186 5 10
Alpha 2198 2203 5 0
**************************************************
10030 1 11
Alpha 2056 2061 5 10
Bravo 2073 2078 5 10
Charlie 2090 2095 5 10
Delta 2107 2112 5 10
Echo 2124 2129 5 10
Foxtrot 2141 2146 5 10
Golf 2158 2163 5 10
Hotel 2175 2180 5 10
India 2192 2197 5 10
Juliet 2209 2214 5 10
Kilo 2226 2231 5 0
**************************************************
10031 1 11
Kilo 1303 1308 5 10
Juliet 1320 1325 5 10
India 1337 1342 5 10
Hotel 1354 1359 5 10
Golf 1371 1376 5 10
Foxtrot 1388 1393 5 10
Echo 1405 1410 5 10
Delta 1422 1427 5 10
Charlie 1439 1444 5 10
Bravo 1456 1461 5 10
Alpha 1473 1478 5 0
**************************************************
10032 1 11
Alpha 2081 2086 5 10
Bravo 2098 2103 5 10
Charlie 2115 2120 5 10
Delta 2132 2137 5 10
Echo 2149 2154 5 10
Foxtrot 2166 2171 5 10
Golf 2183 2188 5 10
Hotel 2200 2205 5 10
India 2217 2222 5 10
Juliet 2234 2239 5 10
Kilo 2251 2256 5 0
**************************************************
10033 1 11
Kilo 2680 2685 5 10
Juliet 2697 2702 5 10
India 2714 2719 5 10
Hotel 2731 2736 5 10
Golf 2748 2753 5 10
Foxtrot 2765 2770 5 10
Echo 2782 2787 5 10
Delta 2799 2804 5 10
Charlie 2816 2821 5 10
Bravo 2833 2838 5 10
Alpha 2850 2855 5 0
**************************************************
10034 1 11
Alpha 874 879 5 10
Bravo 891 896 5 10
Charlie 908 913 5 10
Delta 925 930 5 10
Echo 942 947 5 10
Foxtrot 959 964 5 10
Golf 976 981 5 10
Hotel 993 998 5 10
India 1010 1015 5 10
Juliet 1027 1032 5 10
Kilo 1044 1049 5 0
**************************************************
10035 1 11
Kilo 2829 2834 5 10
Juliet 2846 2851 5 10
India 2863 2868 5 10
Hotel 2880 2885 5 10
Golf 2897 2902 5 10
Foxtrot 2914 2919 5 10
Echo 2931 2936 5 10
Delta 2948 2953 5 10
Charlie 2965 2970 5 10
Bravo 2982 2987 5 10
Alpha 2999 3004 5 0
**************************************************
10036 1 11
Alpha 2091 2096 5 10
Bravo 2108 2113 5 10
Charlie 2125 2130 5 10
Delta 2142 2147 5 10
Echo 2159 2164 5 10
Foxtrot 2176 2181 5 10
Golf 2193 2198 5 10
Hotel 2210 2215 5 10
India 2227 2232 5 10
Juliet 2244 2249 5 10
Kilo 2261 2266 5 0
**************************************************
10037 1 11
Kilo 260 265 5 10
Juliet 277 282 5 10
India 294 299 5 10
Hotel 311 316 5 10
Golf 328 333 5 10
Foxtrot 345 350 5 10
Echo 362 367 5 10
Delta 379 384 5 10
Charlie 396 401 5 10
Bravo 413 418 5 10
Alpha 430 435 5 0
**************************************************
10038 1 11
Alpha 469 474 5 10
Bravo 486 491 5 10
Charlie 503 508 5 10
Delta 520 525 5 10
Echo 537 542 5 10
Foxtrot 554 559 5 10
Golf 571 576 5 10
Hotel 588 593 5 10
India 605 610 5 10
Juliet 622 627 5 10
Kilo 639 644 5 0
**************************************************
10039 1 11
Kilo 0 5 5 10
Juliet 17 22 5 10
India 34 39 5 10
Hotel 51 56 5 10
Golf 68 73 5 10
Foxtrot 85 90 5 10
Echo 102 107 5 10
Delta 119 124 5 10
Charlie 136 141 5 10
Bravo 153 158 5 10
Alpha 170 175 5 0
**************************************************
10040 1 11
Alpha 499 504 5 10
Bravo 516 521 5 10
Charlie 533 538 5 10
Delta 550 555 5 10
Echo 567 572 5 10
Foxtrot 584 589 5 10
Golf 601 606 5 10
Hotel 618 623 5 10
India 635 640 5 10
Juliet 652 657 5 10
Kilo 669 674 5 0
**************************************************
20001 2 11
Kilo 2435 2440 5 15
Juliet 2458 2463 5 15
India 2481 2486 5 15
Hotel 2504 2509 5 15
Golf 2527 2532 5 15
Foxtrot 2550 2555 5 15
Echo 2573 2578 5 15
Delta 2596 2601 5 15
Charlie 2619 2624 5 15
Bravo 2642 2647 5 15
Alpha 2665 2670 5 0
**************************************************
20002 2 11
Alpha 1109 1114 5 15
Bravo 1132 1137 5 15
Charlie 1155 1160 5 15
Delta 1178 1183 5 15
Echo 1201 1206 5 15
Foxtrot 1224 1229 5 15
Golf 1247 1252 5 15
Hotel 1270 1275 5 15
India 1293 1298 5 15
Juliet 1316 1321 5 15
Kilo 1339 1344 5 0
**************************************************
20003 2 11
Kilo 2335 2340 5 15
Juliet 2358 2363 5 15
India 2381 2386 5 15
Hotel 2404 2409 5 15
Golf 2427 2432 5 15
Foxtrot 2450 2455 5 15
Echo 2473 2478 5 15
Delta 2496 2501 5 15
Charlie 2519 2524 5 15
Bravo 2542 2547 5 15
Alpha 2565 2570 5 0
**************************************************
20004 2 11
Alpha 25 30 5 15
Bravo 48 53 5 15
Charlie 71 76 5 15
Delta 94 99 5 15
Echo 117 122 5 15
Foxtrot 140 145 5 15
Golf 163 168 5 15
Hotel 186 191 5 15
India 209 214 5 15
Juliet 232 237 5 15
Kilo 255 260 5 0
**************************************************
20005 2 11
Kilo 1762 1767 5 15
Juliet 1785 1790 5 15
India 1808 1813 5 15
Hotel 1831 1836 5 15
Golf 1854 1859 5 15
Foxtrot 1877 1882 5 15
Echo 1900 1905 5 15
Delta 1923 1928 5 15
Charlie 1946 1951 5 15
Bravo 1969 1974 5 15
Alpha 1992 1997 5 0
**************************************************
20006 2 11
Alpha 365 370 5 15
Bravo 388 393 5 15
Charlie 411 416 5 15
Delta 434 439 5 15
Echo 457 462 5 15
Foxtrot 480 485 5 15
Golf 503 508 5 15
Hotel 526 531 5 15
India 549 554 5 15
Juliet 572 577 5 15
Kilo 595 600 5 0
**************************************************
20007 2 11
Kilo 1586 1591 5 15
Juliet 1609 1614 5 15
India 1632 1637 5 15
Hotel 1655 1660 5 15
Golf 1678 1683 5 15
Foxtrot 1701 1706 5 15
Echo 1724 1729 5 15
Delta 1747 1752 5 15
Charlie 1770 1775 5 15
Bravo 1793 1798 5 15
Alpha 1816 1821 5 0
**************************************************
20008 2 11
Alpha 2211 2216 5 15
Bravo 2234 2239 5 15
Charlie 2257 2262 5 15
Delta 2280 2285 5 15
Echo 2303 2308 5 15
Foxtrot 2326 2331 5 15
Golf 2349 2354 5 15
Hotel 2372 2377 5 15
India 2395 2400 5 15
Juliet 2418 2423 5 15
Kilo 2441 2446 5 0
**************************************************
20009 2 11
Kilo 864 869 5 15
Juliet 887 892 5 15
India 910 915 5 15
Hotel 933 938 5 15
Golf 956 961 5 15
Foxtrot 979 984 5 15
Echo 1002 1007 5 15
Delta 1025 1030 5 15
Charlie 1048 1053 5 15
Bravo 1071 1076 5 15
Alpha 1094 1099 5 0
**************************************************
20010 2 11
Alpha 2320 2325 5 15
Bravo 2343 2348 5 15
Charlie 2366 2371 5 15
Delta 2389 2394 5 15
Echo 2412 2417 5 15
Foxtrot 2435 2440 5 15
Golf 2458 2463 5 15
Hotel 2481 2486 5 15
India 2504 2509 5 15
Juliet 2527 2532 5 15
Kilo 2550 2555 5 0
**************************************************
20011 2 11
Kilo 2384 2389 5 15
Juliet 2407 2412 5 15
India 2430 2435 5 15
Hotel 2453 2458 5 15
Golf 2476 2481 5 15
Foxtrot 2499 2504 5 15
Echo 2522 2527 5 15
Delta 2545 2550 5 15
Charlie 2568 2573 5 15
Bravo 2591 2596 5 15
Alpha 2614 2619 5 0
**************************************************
20012 2 11
Alpha 486 491 5 15
Bravo 509 514 5 15
Charlie 532 537 5 15
Delta 555 560 5 15
Echo 578 583 5 15
Foxtrot 601 606 5 15
Golf 624 629 5 15
Hotel 647 652 5 15
India 670 675 5 15
Juliet 693 698 5 15
Kilo 716 721 5 0
**************************************************
20013 2 11
Kilo 1879 1884 5 15
Juliet 1902 1907 5 15
India 1925 1930 5 15
Hotel 1948 1953 5 15
Golf 1971 1976 5 15
Foxtrot 1994 1999 5 15
Echo 2017 2022 5 15
Delta 2040 2045 5 15
Charlie 2063 2068 5 15
Bravo 2086 2091 5 15
Alpha 2109 2114 5 0
**************************************************
20014 2 11
Alpha 983 988 5 15
Bravo 1006 1011 5 15
Charlie 1029 1034 5 15
Delta 1052 1057 5 15
Echo 1075 1080 5 15
Foxtrot 1098 1103 5 15
Golf 1121 1126 5 15
Hotel 1144 1149 5 15
India 1167 1172 5 15
Juliet 1190 1195 5 15
Kilo 1213 1218 5 0
**************************************************
20015 2 11
Kilo 2076 2081 5 15
Juliet 2099 2104 5 15
India 2122 2127 5 15
Hotel 2145 2150 5 15
Golf 2168 2173 5 15
Foxtrot 2191 2196 5 15
Echo 2214 2219 5 15
Delta 2237 2242 5 15
Charlie 2260 2265 5 15
Bravo 2283 2288 5 15
Alpha 2306 2311 5 0
**************************************************
20016 2 11
Alpha 1250 1255 5 15
Bravo 1273 1278 5 15
Charlie 1296 1301 5 15
Delta 1319 1324 5 15
Echo 1342 1347 5 15
Foxtrot 1365 1370 5 15
Golf 1388 1393 5 15
Hotel 1411 1416 5 15
India 1434 1439 5 15
Juliet 1457 1462 5 15
Kilo 1480 1485 5 0
**************************************************
20017 2 11
Kilo 1201 1206 5 15
Juliet 1224 1229 5 15
India 1247 1252 5 15
Hotel 1270 1275 5 15
Golf 1293 1298 5 15
Foxtrot 1316 1321 5 15
Echo 1339 1344 5 15
Delta 1362 1367 5 15
Charlie 1385 1390 5 15
Bravo 1408 1413 5 15
Alpha 1431 1436 5 0
**************************************************
20018 2 11
Alpha 1911 1916 5 15
Bravo 1934 1939 5 15
Charlie 1957 1962 5 15
Delta 1980 1985 5 15
Echo 2003 2008 5 15
Foxtrot 2026 2031 5 15
Golf 2049 2054 5 15
Hotel 2072 2077 5 15
India 2095 2100 5 15
Juliet 2118 2123 5 15
Kilo 2141 2146 5 0
**************************************************
20019 2 11
Kilo 2214 2219 5 15
Juliet 2237 2242 5 15
India 2260 2265 5 15
Hotel 2283 2288 5 15
Golf 2306 2311 5 15
Foxtrot 2329 2334 5 15
Echo 2352 2357 5 15
Delta 2375 2380 5 15
Charlie 2398 2403 5 15
Bravo 2421 2426 5 15
Alpha 2444 2449 5 0
**************************************************
20020 2 11
Alpha 1586 1591 5 15
Bravo 1609 1614 5 15
Charlie 1632 1637 5 15
Delta 1655 1660 5 15
Echo 1678 1683 5 15
Foxtrot 1701 1706 5 15
Golf 1724 1729 5 15
Hotel 1747 1752 5 15
India 1770 1775 5 15
Juliet 1793 1798 5 15
Kilo 1816 1821 5 0
**************************************************
20021 2 11
Kilo 2167 2172 5 15
Juliet 2190 2195 5 15
India 2213 2218 5 15
Hotel 2236 2241 5 15
Golf 2259 2264 5 15
Foxtrot 2282 2287 5 15
Echo 2305 2310 5 15
Delta 2328 2333 5 15
Charlie 2351 2356 5 15
Bravo 2374 2379 5 15
Alpha 2397 2402 5 0
**************************************************
20022 2 11
Alpha 887 892 5 15
Bravo 910 915 5 15
Charlie 933 938 5 15
Delta 956 961 5 15
Echo 979 984 5 15
Foxtrot 1002 1007 5 15
Golf 1025 1030 5 15
Hotel 1048 1053 5 15
India 1071 1076 5 15
Juliet 1094 1099 5 15
Kilo 1117 1122 5 0
**************************************************
20023 2 11
Kilo 1604 1609 5 15
Juliet 1627 1632 5 15
India 1650 1655 5 15
Hotel 1673 1678 5 15
Golf 1696 1701 5 15
Foxtrot 1719 1724 5 15
Echo 1742 1747 5 15
Delta 1765 1770 5 15
Charlie 1788 1793 5 15
Bravo 1811 1816 5 15
Alpha 1834 1839 5 0
**************************************************
20024 2 11
Alpha 2671 2676 5 15
Bravo 2694 2699 5 15
Charlie 2717 2722 5 15
Delta 2740 2745 5 15
Echo 2763 2768 5 15
Foxtrot 2786 2791 5 15
Golf 2809 2814 5 15
Hotel 2832 2837 5 15
India 2855 2860 5 15
Juliet 2878 2883 5 15
Kilo 2901 2906 5 0
**************************************************
20025 2 11
Kilo 2497 2502 5 15
Juliet 2520 2525 5 15
India 2543 2548 5 15
Hotel 2566 2571 5 15
Golf 2589 2594 5 15
Foxtrot 2612 2617 5 15
Echo 2635 2640 5 15
Delta 2658 2663 5 15
Charlie 2681 2686 5 15
Bravo 2704 2709 5 15
Alpha 2727 2732 5 0
**************************************************
20026 2 11
Alpha 460 465 5 15
Bravo 483 488 5 15
Charlie 506 511 5 15
Delta 529 534 5 15
Echo 552 557 5 15
Foxtrot 575 580 5 15
Golf 598 603 5 15
Hotel 621 626 5 15
India 644 649 5 15
Juliet 667 672 5 15
Kilo 690 695 5 0
**************************************************
20027 2 11
Kilo 1689 1694 5 15
Juliet 1712 1717 5 15
India 1735 1740 5 15
Hotel 1758 1763 5 15
Golf 1781 1786 5 15
Foxtrot 1804 1809 5 15
Echo 1827 1832 5 15
Delta 1850 1855 5 15
Charlie 1873 1878 5 15
Bravo 1896 1901 5 15
Alpha 1919 1924 5 0
**************************************************
20028 2 11
Alpha 399 404 5 15
Bravo 422 427 5 15
Charlie 445 450 5 15
Delta 468 473 5 15
Echo 491 496 5 15
Foxtrot 514 519 5 15
Golf 537 542 5 15
Hotel 560 565 5 15
India 583 588 5 15
Juliet 606 611 5 15
Kilo 629 634 5 0
**************************************************
20029 2 11
Kilo 116 121 5 15
Juliet 139 144 5 15
India 162 167 5 15
Hotel 185 190 5 15
Golf 208 213 5 15
Foxtrot 231 236 5 15
Echo 254 259 5 15
Delta 277 282 5 15
Charlie 300 305 5 15
Bravo 323 328 5 15
Alpha 346 351 5 0
**************************************************
20030 2 11
Alpha 1166 1171 5 15
Bravo 1189 1194 5 15
Charlie 1212 1217 5 15
Delta 1235 1240 5 15
Echo 1258 1263 5 15
Foxtrot 1281 1286 5 15
Golf 1304 1309 5 15
Hotel 1327 1332 5 15
India 1350 1355 5 15
Juliet 1373 1378 5 15
Kilo 1396 1401 5 0
**************************************************
20031 2 11
Kilo 13 18 5 15
Juliet 36 41 5 15
India 59 64 5 15
Hotel 82 87 5 15
Golf 105 110 5 15
Foxtrot 128 133 5 15
Echo 151 156 5 15
Delta 174 179 5 15
Charlie 197 202 5 15
Bravo 220 225 5 15
Alpha 243 248 5 0
**************************************************
20032 2 11
Alpha 964 969 5 15
Bravo 987 992 5 15
Charlie 1010 1015 5 15
Delta 1033 1038 5 15
Echo 1056 1061 5 15
Foxtrot 1079 1084 5 15
Golf 1102 1107 5 15
Hotel 1125 1130 5 15
India 1148 1153 5 15
Juliet 1171 1176 5 15
Kilo 1194 1199 5 0
**************************************************
20033 2 11
Kilo 335 340 5 15
Juliet 358 363 5 15
India 381 386 5 15
Hotel 404 409 5 15
Golf 427 432 5 15
Foxtrot 450 455 5 15
Echo 473 478 5 15
Delta 496 501 5 15
Charlie 519 524 5 15
Bravo 542 547 5 15
Alpha 565 570 5 0
**************************************************
20034 2 11
Alpha 1895 1900 5 15
Bravo 1918 1923 5 15
Charlie 1941 1946 5 15
Delta 1964 1969 5 15
Echo 1987 1992 5 15
Foxtrot 2010 2015 5 15
Golf 2033 2038 5 15
Hotel 2056 2061 5 15
India 2079 2084 5 15
Juliet 2102 2107 5 15
Kilo 2125 2130 5 0
**************************************************
20035 2 11
Kilo 1883 1888 5 15
Juliet 1906 1911 5 15
India 1929 1934 5 15
Hotel 1952 1957 5 15
Golf 1975 1980 5 15
Foxtrot 1998 2003 5 15
Echo 2021 2026 5 15
Delta 2044 2049 5 15
Charlie 2067 2072 5 15
Bravo 2090 2095 5 15
Alpha 2113 2118 5 0
**************************************************
20036 2 11
Alpha 2437 2442 5 15
Bravo 2460 2465 5 15
Charlie 2483 2488 5 15
Delta 2506 2511 5 15
Echo 2529 2534 5 15
Foxtrot 2552 2557 5 15
Golf 2575 2580 5 15
Hotel 2598 2603 5 15
India 2621 2626 5 15
Juliet 2644 2649 5 15
Kilo 2667 2672 5 0
**************************************************
20037 2 11
Kilo 668 673 5 15
Juliet 691 696 5 15
India 714 719 5 15
Hotel 737 742 5 15
Golf 760 765 5 15
Foxtrot 783 788 5 15
Echo 806 811 5 15
Delta 829 834 5 15
Charlie 852 857 5 15
Bravo 875 880 5 15
Alpha 898 903 5 0
**************************************************
20038 2 11
Alpha 2573 2578 5 15
Bravo 2596 2601 5 15
Charlie 2619 2624 5 15
Delta 2642 2647 5 15
Echo 2665 2670 5 15
Foxtrot 2688 2693 5 15
Golf 2711 2716 5 15
Hotel 2734 2739 5 15
India 2757 2762 5 15
Juliet 2780 2785 5 15
Kilo 2803 2808 5 0
**************************************************
20039 2 11
Kilo 615 620 5 15
Juliet 638 643 5 15
India 661 666 5 15
Hotel 684 689 5 15
Golf 707 712 5 15
Foxtrot 730 735 5 15
Echo 753 758 5 15
Delta 776 781 5 15
Charlie 799 804 5 15
Bravo 822 827 5 15
Alpha 845 850 5 0
**************************************************
20040 2 11
Alpha 1919 1924 5 15
Bravo 1942 1947 5 15
Charlie 1965 1970 5 15
Delta 1988 1993 5 15
Echo 2011 2016 5 15
Foxtrot 2034 2039 5 15
Golf 2057 2062 5 15
Hotel 2080 2085 5 15
India 2103 2108 5 15
Juliet 2126 2131 5 15
Kilo 2149 2154 5 0
**************************************************
20041 2 11
Kilo 402 407 5 15
Juliet 425 430 5 15
India 448 453 5 15
Hotel 471 476 5 15
Golf 494 499 5 15
Foxtrot 517 522 5 15
Echo 540 545 5 15
Delta 563 568 5 15
Charlie 586 591 5 15
Bravo 609 614 5 15
Alpha 632 637 5 0
**************************************************
20042 2 11
Alpha 1045 1050 5 15
Bravo 1068 1073 5 15
Charlie 1091 1096 5 15
Delta 1114 1119 5 15
Echo 1137 1142 5 15
Foxtrot 1160 1165 5 15
Golf 1183 1188 5 15
Hotel 1206 1211 5 15
India 1229 1234 5 15
Juliet 1252 1257 5 15
Kilo 1275 1280 5 0
**************************************************
20043 2 11
Kilo 1388 1393 5 15
Juliet 1411 1416 5 15
India 1434 1439 5 15
Hotel 1457 1462 5 15
Golf 1480 1485 5 15
Foxtrot 1503 1508 5 15
Echo 1526 1531 5 15
Delta 1549 1554 5 15
Charlie 1572 1577 5 15
Bravo 1595 1600 5 15
Alpha 1618 1623 5 0
**************************************************
20044 2 11
Alpha 2000 2005 5 15
Bravo 2023 2028 5 15
Charlie 2046 2051 5 15
Delta 2069 2074 5 15
Echo 2092 2097 5 15
Foxtrot 2115 2120 5 15
Golf 2138 2143 5 15
Hotel 2161 2166 5 15
India 2184 2189 5 15
Juliet 2207 2212 5 15
Kilo 2230 2235 5 0
**************************************************
20045 2 11
Kilo 527 532 5 15
Juliet 550 555 5 15
India 573 578 5 15
Hotel 596 601 5 15
Golf 619 624 5 15
Foxtrot 642 647 5 15
Echo 665 670 5 15
Delta 688 693 5 15
Charlie 711 716 5 15
Bravo 734 739 5 15
Alpha 757 762 5 0
**************************************************
20046 2 11
Alpha 1819 1824 5 15
Bravo 1842 1847 5 15
Charlie 1865 1870 5 15
Delta 1888 1893 5 15
Echo 1911 1916 5 15
Foxtrot 1934 1939 5 15
Golf 1957 1962 5 15
Hotel 1980 1985 5 15
India 2003 2008 5 15
Juliet 2026 2031 5 15
Kilo 2049 2054 5 0
**************************************************
20047 2 11
Kilo 1674 1679 5 15
Juliet 1697 1702 5 15
India 1720 1725 5 15
Hotel 1743 1748 5 15
Golf 1766 1771 5 15
Foxtrot 1789 1794 5 15
Echo 1812 1817 5 15
Delta 1835 1840 5 15
Charlie 1858 1863 5 15
Bravo 1881 1886 5 15
Alpha 1904 1909 5 0
**************************************************
20048 2 11
Alpha 1568 1573 5 15
Bravo 1591 1596 5 15
Charlie 1614 1619 5 15
Delta 1637 1642 5 15
Echo 1660 1665 5 15
Foxtrot 1683 1688 5 15
Golf 1706 1711 5 15
Hotel 1729 1734 5 15
India 1752 1757 5 15
Juliet 1775 1780 5 15
Kilo 1798 1803 5 0
**************************************************
20049 2 11
Kilo 70 75 5 15
Juliet 93 98 5 15
India 116 121 5 15
Hotel 139 144 5 15
Golf 162 167 5 15
Foxtrot 185 190 5 15
Echo 208 213 5 15
Delta 231 236 5 15
Charlie 254 259 5 15
Bravo 277 282 5 15
Alpha 300 305 5 0
**************************************************
20050 2 11
Alpha 1960 1965 5 15
Bravo 1983 1988 5 15
Charlie 2006 2011 5 15
Delta 2029 2034 5 15
Echo 2052 2057 5 15
Foxtrot 2075 2080 5 15
Golf 2098 2103 5 15
Hotel 2121 2126 5 15
India 2144 2149 5 15
Juliet 2167 2172 5 15
Kilo 2190 2195 5 0
**************************************************
20051 2 11
Kilo 2152 2157 5 15
Juliet 2175 2180 5 15
India 2198 2203 5 15
Hotel 2221 2226 5 15
Golf 2244 2249 5 15
Foxtrot 2267 2272 5 15
Echo 2290 2295 5 15
Delta 2313 2318 5 15
Charlie 2336 2341 5 15
Bravo 2359 2364 5 15
Alpha 2382 2387 5 0
**************************************************
20052 2 11
Alpha 1459 1464 5 15
Bravo 1482 1487 5 15
Charlie 1505 1510 5 15
Delta 1528 1533 5 15
Echo 1551 1556 5 15
Foxtrot 1574 1579 5 15
Golf 1597 1602 5 15
Hotel 1620 1625 5 15
India 1643 1648 5 15
Juliet 1666 1671 5 15
Kilo 1689 1694 5 0
**************************************************
20053 2 11
Kilo 2293 2298 5 15
Juliet 2316 2321 5 15
India 2339 2344 5 15
Hotel 2362 2367 5 15
Golf 2385 2390 5 15
Foxtrot 2408 2413 5 15
Echo 2431 2436 5 15
Delta 2454 2459 5 15
Charlie 2477 2482 5 15
Bravo 2500 2505 5 15
Alpha 2523 2528 5 0
**************************************************
20054 2 11
Alpha 1184 1189 5 15
Bravo 1207 1212 5 15
Charlie 1230 1235 5 15
Delta 1253 1258 5 15
Echo 1276 1281 5 15
Foxtrot 1299 1304 5 15
Golf 1322 1327 5 15
Hotel 1345 1350 5 15
India 1368 1373 5 15
Juliet 1391 1396 5 15
Kilo 1414 1419 5 0
**************************************************
20055 2 11
Kilo 634 639 5 15
Juliet 657 662 5 15
India 680 685 5 15
Hotel 703 708 5 15
Golf 726 731 5 15
Foxtrot 749 754 5 15
Echo 772 777 5 15
Delta 795 800 5 15
Charlie 818 823 5 15
Bravo 841 846 5 15
Alpha 864 869 5 0
**************************************************
20056 2 11
Alpha 419 424 5 15
Bravo 442 447 5 15
Charlie 465 470 5 15
Delta 488 493 5 15
Echo 511 516 5 15
Foxtrot 534 539 5 15
Golf 557 562 5 15
Hotel 580 585 5 15
India 603 608 5 15
Juliet 626 631 5 15
Kilo 649 654 5 0
**************************************************
20057 2 11
Kilo 1913 1918 5 15
Juliet 1936 1941 5 15
India 1959 1964 5 15
Hotel 1982 1987 5 15
Golf 2005 2010 5 15
Foxtrot 2028 2033 5 15
Echo 2051 2056 5 15
Delta 2074 2079 5 15
Charlie 2097 2102 5 15
Bravo 2120 2125 5 15
Alpha 2143 2148 5 0
**************************************************
20058 2 11
Alpha 2310 2315 5 15
Bravo 2333 2338 5 15
Charlie 2356 2361 5 15
Delta 2379 2384 5 15
Echo 2402 2407 5 15
Foxtrot 2425 2430 5 15
Golf 2448 2453 5 15
Hotel 2471 2476 5 15
India 2494 2499 5 15
Juliet 2517 2522 5 15
Kilo 2540 2545 5 0
**************************************************
20059 2 11
Kilo 2591 2596 5 15
Juliet 2614 2619 5 15
India 2637 2642 5 15
Hotel 2660 2665 5 15
Golf 2683 2688 5 15
Foxtrot 2706 2711 5 15
Echo 2729 2734 5 15
Delta 2752 2757 5 15
Charlie 2775 2780 5 15
Bravo 2798 2803 5 15
Alpha 2821 2826 5 0
**************************************************
20060 2 11
Alpha 2477 2482 5 15
Bravo 2500 2505 5 15
Charlie 2523 2528 5 15
Delta 2546 2551 5 15
Echo 2569 2574 5 15
Foxtrot 2592 2597 5 15
Golf 2615 2620 5 15
Hotel 2638 2643 5 15
India 2661 2666 5 15
Juliet 2684 2689 5 15
Kilo 2707 2712 5 0
**************************************************
20061 2 11
Kilo 229 234 5 15
Juliet 252 257 5 15
India 275 280 5 15
Hotel 298 303 5 15
Golf 321 326 5 15
Foxtrot 344 349 5 15
Echo 367 372 5 15
Delta 390 395 5 15
Charlie 413 418 5 15
Bravo 436 441 5 15
Alpha 459 464 5 0
**************************************************
20062 2 11
Alpha 2590 2595 5 15
Bravo 2613 2618 5 15
Charlie 2636 2641 5 15
Delta 2659 2664 5 15
Echo 2682 2687 5 15
Foxtrot 2705 2710 5 15
Golf 2728 2733 5 15
Hotel 2751 2756 5 15
India 2774 2779 5 15
Juliet 2797 2802 5 15
Kilo 2820 2825 5 0
**************************************************
20063 2 11
Kilo 2654 2659 5 15
Juliet 2677 2682 5 15
India 2700 2705 5 15
Hotel 2723 2728 5 15
Golf 2746 2751 5 15
Foxtrot 2769 2774 5 15
Echo 2792 2797 5 15
Delta 2815 2820 5 15
Charlie 2838 2843 5 15
Bravo 2861 2866 5 15
Alpha 2884 2889 5 0
**************************************************
20064 2 11
Alpha 2138 2143 5 15
Bravo 2161 2166 5 15
Charlie 2184 2189 5 15
Delta 2207 2212 5 15
Echo 2230 2235 5 15
Foxtrot 2253 2258 5 15
Golf 2276 2281 5 15
Hotel 2299 2304 5 15
India 2322 2327 5 15
Juliet 2345 2350 5 15
Kilo 2368 2373 5 0
**************************************************
20065 2 11
Kilo 1203 1208 5 15
Juliet 1226 1231 5 15
India 1249 1254 5 15
Hotel 1272 1277 5 15
Golf 1295 1300 5 15
Foxtrot 1318 1323 5 15
Echo 1341 1346 5 15
Delta 1364 1369 5 15
Charlie 1387 1392 5 15
Bravo 1410 1415 5 15
Alpha 1433 1438 5 0
**************************************************
20066 2 11
Alpha 150 155 5 15
Bravo 173 178 5 15
Charlie 196 201 5 15
Delta 219 224 5 15
Echo 242 247 5 15
Foxtrot 265 270 5 15
Golf 288 293 5 15
Hotel 311 316 5 15
India 334 339 5 15
Juliet 357 362 5 15
Kilo 380 385 5 0
**************************************************
20067 2 11
Kilo 1775 1780 5 15
Juliet 1798 1803 5 15
India 1821 1826 5 15
Hotel 1844 1849 5 15
Golf 1867 1872 5 15
Foxtrot 1890 1895 5 15
Echo 1913 1918 5 15
Delta 1936 1941 5 15
Charlie 1959 1964 5 15
Bravo 1982 1987 5 15
Alpha 2005 2010 5 0
**************************************************
20068 2 11
Alpha 2539 2544 5 15
Bravo 2562 2567 5 15
Charlie 2585 2590 5 15
Delta 2608 2613 5 15
Echo 2631 2636 5 15
Foxtrot 2654 2659 5 15
Golf 2677 2682 5 15
Hotel 2700 2705 5 15
India 2723 2728 5 15
Juliet 2746 2751 5 15
Kilo 2769 2774 5 0
**************************************************
20069 2 11
Kilo 1483 1488 5 15
Juliet 1506 1511 5 15
India 1529 1534 5 15
Hotel 1552 1557 5 15
Golf 1575 1580 5 15
Foxtrot 1598 1603 5 15
Echo 1621 1626 5 15
Delta 1644 1649 5 15
Charlie 1667 1672 5 15
Bravo 1690 1695 5 15
Alpha 1713 1718 5 0
**************************************************
20070 2 11
Alpha 1018 1023 5 15
Bravo 1041 1046 5 15
Charlie 1064 1069 5 15
Delta 1087 1092 5 15
Echo 1110 1115 5 15
Foxtrot 1133 1138 5 15
Golf 1156 1161 5 15
Hotel 1179 1184 5 15
India 1202 1207 5 15
Juliet 1225 1230 5 15
Kilo 1248 1253 5 0
**************************************************
20071 2 11
Kilo 2291 2296 5 15
Juliet 2314 2319 5 15
India 2337 2342 5 15
Hotel 2360 2365 5 15
Golf 2383 2388 5 15
Foxtrot 2406 2411 5 15
Echo 2429 2434 5 15
Delta 2452 2457 5 15
Charlie 2475 2480 5 15
Bravo 2498 2503 5 15
Alpha 2521 2526 5 0
**************************************************
20072 2 11
Alpha 597 602 5 15
Bravo 620 625 5 15
Charlie 643 648 5 15
Delta 666 671 5 15
Echo 689 694 5 15
Foxtrot 712 717 5 15
Golf 735 740 5 15
Hotel 758 763 5 15
India 781 786 5 15
Juliet 804 809 5 15
Kilo 827 832 5 0
**************************************************
20073 2 11
Kilo 1743 1748 5 15
Juliet 1766 1771 5 15
India 1789 1794 5 15
Hotel 1812 1817 5 15
Golf 1835 1840 5 15
Foxtrot 1858 1863 5 15
Echo 1881 1886 5 15
Delta 1904 1909 5 15
Charlie 1927 1932 5 15
Bravo 1950 1955 5 15
Alpha 1973 1978 5 0
**************************************************
20074 2 11
Alpha 2807 2812 5 15
Bravo 2830 2835 5 15
Charlie 2853 2858 5 15
Delta 2876 2881 5 15
Echo 2899 2904 5 15
Foxtrot 2922 2927 5 15
Golf 2945 2950 5 15
Hotel 2968 2973 5 15
India 2991 2996 5 15
Juliet 3014 3019 5 15
Kilo 3037 3042 5 0
**************************************************
20075 2 11
Kilo 2773 2778 5 15
Juliet 2796 2801 5 15
India 2819 2824 5 15
Hotel 2842 2847 5 15
Golf 2865 2870 5 15
Foxtrot 2888 2893 5 15
Echo 2911 2916 5 15
Delta 2934 2939 5 15
Charlie 2957 2962 5 15
Bravo 2980 2985 5 15
Alpha 3003 3008 5 0
**************************************************
20076 2 11
Alpha 2572 2577 5 15
Bravo 2595 2600 5 15
Charlie 2618 2623 5 15
Delta 2641 2646 5 15
Echo 2664 2669 5 15
Foxtrot 2687 2692 5 15
Golf 2710 2715 5 15
Hotel 2733 2738 5 15
India 2756 2761 5 15
Juliet 2779 2784 5 15
Kilo 2802 2807 5 0
**************************************************
20077 2 11
Kilo 2140 2145 5 15
Juliet 2163 2168 5 15
India 2186 2191 5 15
Hotel 2209 2214 5 15
Golf 2232 2237 5 15
Foxtrot 2255 2260 5 15
Echo 2278 2283 5 15
Delta 2301 2306 5 15
Charlie 2324 2329 5 15
Bravo 2347 2352 5 15
Alpha 2370 2375 5 0
**************************************************
20078 2 11
Alpha 1766 1771 5 15
Bravo 1789 1794 5 15
Charlie 1812 1817 5 15
Delta 1835 1840 5 15
Echo 1858 1863 5 15
Foxtrot 1881 1886 5 15
Golf 1904 1909 5 15
Hotel 1927 1932 5 15
India 1950 1955 5 15
Juliet 1973 1978 5 15
Kilo 1996 2001 5 0
**************************************************
20079 2 11
Kilo 2587 2592 5 15
Juliet 2610 2615 5 15
India 2633 2638 5 15
Hotel 2656 2661 5 15
Golf 2679 2684 5 15
Foxtrot 2702 2707 5 15
Echo 2725 2730 5 15
Delta 2748 2753 5 15
Charlie 2771 2776 5 15
Bravo 2794 2799 5 15
Alpha 2817 2822 5 0
**************************************************
20080 2 11
Alpha 1360 1365 5 15
Bravo 1383 1388 5 15
Charlie 1406 1411 5 15
Delta 1429 1434 5 15
Echo 1452 1457 5 15
Foxtrot 1475 1480 5 15
Golf 1498 1503 5 15
Hotel 1521 1526 5 15
India 1544 1549 5 15
Juliet 1567 1572 5 15
Kilo 1590 1595 5 0
**************************************************
